0 0.64765625 0.9046875 0.15703125 0.18984375
0 0.34140625 0.31484375 0.084375 0.24453125
0 0.4296875 0.303125 0.05859375 0.2375
0 0.5109375 0.8921875 0.1359375 0.2125
0 0.08046875 0.86328125 0.15859375 0.26796875
0 0.2140625 0.89609375 0.0921875 0.2078125
0 0.52109375 0.9421875 0.121875 0.109375
0 0.309375 0.88984375 0.13671875 0.21953125
0 0.04375 0.859375 0.0875 0.275
0 0.81015625 0.83515625 0.14609375 0.31484375
0 0.6 0.8265625 0.09375 0.24765625
0 0.42890625 0.28046875 0.05234375 0.17109375
0 0.5140625 0.73515625 0.0828125 0.15625
0 0.91875 0.87265625 0.16171875 0.25234375
0 0.88984375 0.878125 0.20625 0.24140625
0 0.9625 0.84375 0.075 0.29296875
0 0.50234375 0.58359375 0.05078125 0.1671875
0 0.5125 0.92265625 0.1453125 0.15
0 0.82421875 0.78125 0.10859375 0.20546875
0 0.43984375 0.728125 0.1109375 0.3015625
0 0.334375 0.89453125 0.0859375 0.21015625
0 0.88359375 0.9125 0.2140625 0.175
0 0.3578125 0.6984375 0.08515625 0.175
0 0.1234375 0.83046875 0.08671875 0.17109375
0 0.11953125 0.6734375 0.1015625 0.18125
0 0.7671875 0.68671875 0.09375 0.26953125
0 0.196875 0.9046875 0.11171875 0.18984375
0 0.13671875 0.87265625 0.11875 0.240625